0.000 ,
169.598 ,
173.463 ,
177.263 ,
180.997 ,
184.663 ,
188.259 ,
191.784 ,
195.236 ,
198.614 ,
201.917 ,
205.143 ,
208.293 ,
211.364 ,
214.357 ,
217.271 ,
220.104 ,
222.856 ,
225.526 ,
228.114 ,
230.617 ,
233.034 ,
235.364 ,
237.606 ,
239.757 ,
241.814 ,
243.776 ,
245.640 ,
247.403 ,
249.061 ,
250.612 ,
252.052 ,
253.377 ,
254.585 ,
255.672 ,
256.634 ,
257.468 ,
258.171 ,
258.740 ,
259.174 ,
259.469 ,
259.623 ,
259.636 ,
259.507 ,
259.234 ,
258.818 ,
258.259 ,
257.558 ,
256.716 ,
255.734 ,
254.616 ,
253.362 ,
251.975 ,
250.459 ,
248.817 ,
247.051 ,
245.165 ,
243.162 ,
241.046 ,
238.821 ,
236.489 ,
234.053 ,
231.519 ,
228.887 ,
226.163 ,
223.348 ,
220.447 ,
217.461 ,
214.394 ,
211.248 ,
208.027 ,
204.733 ,
201.368 ,
197.935 ,
194.437 ,
190.876 ,
187.255 ,
183.576 ,
179.840 ,
176.051 ,
172.211 ,
168.321 ,
164.383 ,
160.400 ,
156.373 ,
152.303 ,
148.192 ,
144.042 ,
139.854 ,
135.630 ,
131.372 ,
127.080 ,
122.758 ,
118.407 ,
114.030 ,
109.631 ,
105.214 ,
100.783 ,
96.345 ,
91.907 ,
87.479 ,
83.072 ,
78.701 ,
74.383 ,
70.140 ,
65.999 ,
61.994 ,
58.167 ,
54.567 ,
51.258 ,
48.310 ,
45.808 ,
43.837 ,
42.483 ,
41.814 ,
41.868 ,
42.646 ,
44.114 ,
46.204 ,
48.837 ,
51.928 ,
55.395 ,
59.169 ,
63.189 ,
67.406 ,
71.778 ,
76.272 ,
80.862 ,
85.524 ,
90.239 ,
94.993 ,
99.772 ,
104.565 ,
109.360 ,
114.151 ,
118.927 ,
123.683 ,
128.411 ,
133.105 ,
137.759 ,
142.367 ,
146.923 ,
151.423 ,
155.861 ,
160.233 ,
164.534 ,
168.759 ,
172.905 ,
176.968 ,
180.944 ,
184.830 ,
188.622 ,
192.319 ,
195.917 ,
199.415 ,
202.811 ,
206.104 ,
209.291 ,
212.373 ,
215.349 ,
218.217 ,
220.978 ,
223.631 ,
226.177 ,
228.616 ,
230.947 ,
233.171 ,
235.288 ,
237.299 ,
239.204 ,
241.003 ,
242.697 ,
244.286 ,
245.772 ,
247.153 ,
248.431 ,
249.607 ,
250.680 ,
251.653 ,
252.525 ,
253.297 ,
253.971 ,
254.546 ,
255.024 ,
255.405 ,
255.690 ,
255.880 ,
255.976 ,
255.977 ,
255.884 ,
255.697 ,
255.416 ,
255.041 ,
254.570 ,
254.004 ,
253.340 ,
252.578 ,
251.716 ,
250.752 ,
249.684 ,
248.510 ,
247.228 ,
245.835 ,
244.328 ,
242.706 ,
240.966 ,
239.106 ,
237.124 ,
235.018 ,
232.787 ,
230.431 ,
227.947 ,
225.337 ,
222.600 ,
219.737 ,
216.751 ,
213.641 ,
210.411 ,
207.063 ,
203.601 ,
200.028 ,
196.347 ,
192.563 ,
188.681 ,
184.704 ,
180.639 ,
176.489 ,
172.259 ,
167.956 ,
163.583 ,
159.146 ,
154.650 ,
150.101 ,
145.502 ,
140.860 ,
136.180 ,
131.467 ,
126.726 ,
121.963 ,
117.184 ,
112.396 ,
107.605 ,
102.819 ,
98.046 ,
93.296 ,
88.580 ,
83.910 ,
79.301 ,
74.770 ,
70.338 ,
66.031 ,
61.880 ,
57.921 ,
54.200 ,
50.773 ,
47.704 ,
45.068 ,
42.944 ,
41.410 ,
40.531 ,
40.348 ,
40.865 ,
42.054 ,
43.854 ,
46.191 ,
48.981 ,
52.148 ,
55.622 ,
59.344 ,
63.265 ,
67.345 ,
71.552 ,
75.859 ,
80.244 ,
84.689 ,
89.179 ,
93.702 ,
98.246 ,
102.803 ,
107.363 ,
111.920 ,
116.466 ,
120.997 ,
125.505 ,
129.987 ,
134.439 ,
138.855 ,
143.232 ,
147.568 ,
151.858 ,
156.100 ,
160.291 ,
164.430 ,
168.513 ,
172.540 ,
176.507 ,
180.413 ,
184.257 ,
188.036 ,
191.749 ,
195.394 ,
198.968 ,
202.470 ,
205.896 ,
209.245 ,
212.514 ,
215.700 ,
218.799 ,
221.808 ,
224.725 ,
227.545 ,
230.264 ,
232.879 ,
235.387 ,
237.782 ,
240.063 ,
242.224 ,
244.263 ,
246.177 ,
247.962 ,
249.616 ,
251.137 ,
252.523 ,
253.772 ,
254.883 ,
255.855 ,
256.688 ,
257.382 ,
257.938 ,
258.355 ,
258.636 ,
258.782 ,
258.794 ,
258.675 ,
258.425 ,
258.049 ,
257.548 ,
256.924 ,
256.180 ,
255.320 ,
254.344 ,
253.256 ,
252.058 ,
250.754 ,
249.344 ,
247.832 ,
246.221 ,
244.511 ,
242.707 ,
240.809 ,
238.820 ,
236.742 ,
234.578 ,
232.328 ,
229.996 ,
227.583 ,
225.091 ,
222.521 ,
219.876 ,
217.156 ,
214.363 ,
211.497 ,
208.561 ,
205.554 ,
202.478 ,
199.332 ,
196.117 ,
192.833 ,
189.479 ,
186.055 ,
182.562 ,
178.997 ,
175.362 ,
171.654 ,
167.875 ,
164.023 ,
160.099 ,
156.103 ,
152.035 ,
147.896 ,
143.688 ,
139.412 ,
135.072 ,
130.670 ,
126.211 ,
121.699 ,
117.139 ,
112.539 ,
107.906 ,
103.250 ,
98.580 ,
93.908 ,
89.248 ,
84.617 ,
80.033 ,
75.519 ,
71.102 ,
66.813 ,
62.693 ,
58.786 ,
55.151 ,
51.854 ,
48.971 ,
46.587 ,
44.786 ,
43.645 ,
43.217 ,
43.525 ,
44.552 ,
46.247 ,
48.537 ,
51.336 ,
54.561 ,
58.134 ,
61.987 ,
66.064 ,
70.317 ,
74.707 ,
79.201 ,
83.775 ,
88.405 ,
93.073 ,
97.763 ,
102.463 ,
107.159 ,
111.843 ,
116.506 ,
121.139 ,
125.737 ,
130.292 ,
134.799 ,
139.254 ,
143.653 ,
147.991 ,
152.265 ,
156.472 ,
160.610 ,
164.676 ,
168.669 ,
172.586 ,
176.426 ,
180.188 ,
183.870 ,
187.471 ,
190.990 ,
194.426 ,
197.778 ,
201.045 ,
204.227 ,
207.322 ,
210.329 ,
213.248 ,
216.079 ,
218.819 ,
221.470 ,
224.030 ,
226.499 ,
228.876 ,
231.162 ,
233.356 ,
235.457 ,
237.467 ,
239.385 ,
241.211 ,
242.945 ,
244.587 ,
246.138 ,
247.597 ,
248.963 ,
250.238 ,
251.420 ,
252.508 ,
253.502 ,
254.400 ,
255.202 ,
255.905 ,
256.508 ,
257.008 ,
257.403 ,
257.690 ,
257.867 ,
257.931 ,
257.879 ,
257.708 ,
257.414 ,
256.996 ,
256.449 ,
255.773 ,
254.963 ,
254.018 ,
252.937 ,
251.718 ,
250.361 ,
248.864 ,
247.228 ,
245.453 ,
243.541 ,
241.492 ,
239.309 ,
236.995 ,
234.550 ,
231.980 ,
229.287 ,
226.474 ,
223.546 ,
220.506 ,
217.359 ,
214.109 ,
210.760 ,
207.316 ,
203.781 ,
200.160 ,
196.456 ,
192.674 ,
188.817 ,
184.890 ,
180.895 ,
176.837 ,
172.719 ,
168.544 ,
164.317 ,
160.040 ,
155.717 ,
151.351 ,
146.947 ,
142.507 ,
138.035 ,
133.536 ,
129.013 ,
124.470 ,
119.912 ,
115.342 ,
110.767 ,
106.191 ,
101.621 ,
97.062 ,
92.523 ,
88.011 ,
83.537 ,
79.112 ,
74.751 ,
70.471 ,
66.292 ,
62.240 ,
58.349 ,
54.657 ,
51.215 ,
48.082 ,
45.328 ,
43.034 ,
41.283 ,
40.152 ,
39.700 ,
39.955 ,
40.908 ,
42.514 ,
44.706 ,
47.402 ,
50.522 ,
53.990 ,
57.741 ,
61.720 ,
65.882 ,
70.188 ,
74.609 ,
79.118 ,
83.697 ,
88.326 ,
92.992 ,
97.682 ,
102.387 ,
107.097 ,
111.804 ,
116.502 ,
121.185 ,
125.847 ,
130.485 ,
135.092 ,
139.666 ,
144.203 ,
148.698 ,
153.149 ,
157.551 ,
161.902 ,
166.197 ,
170.434 ,
174.608 ,
178.715 ,
182.752 ,
186.715 ,
190.600 ,
194.402 ,
198.118 ,
201.744 ,
205.275 ,
208.708 ,
212.039 ,
215.264 ,
218.380 ,
221.384 ,
224.272 ,
227.043 ,
229.693 ,
232.221 ,
234.625 ,
236.904 ,
239.056 ,
241.082 ,
242.981 ,
244.752 ,
246.397 ,
247.915 ,
249.307 ,
250.575 ,
251.720 ,
252.742 ,
253.643 ,
254.425 ,
255.088 ,
255.635 ,
256.067 ,
256.386 ,
256.593 ,
256.690 ,
256.678 ,
256.559 ,
256.335 ,
256.006 ,
255.576 ,
255.044 ,
254.413 ,
253.684 ,
252.858 ,
251.938 ,
250.924 ,
249.818 ,
248.620 ,
247.333 ,
245.958 ,
244.494 ,
242.943 ,
241.305 ,
239.581 ,
237.770 ,
235.873 ,
233.888 ,
231.816 ,
229.655 ,
227.405 ,
225.064 ,
222.630 ,
220.103 ,
217.480 ,
214.760 ,
211.941 ,
209.022 ,
206.002 ,
202.879 ,
199.652 ,
196.321 ,
192.886 ,
189.346 ,
185.703 ,
181.958 ,
178.112 ,
174.167 ,
170.127 ,
165.993 ,
161.771 ,
157.463 ,
153.076 ,
148.613 ,
144.080 ,
139.484 ,
134.831 ,
130.127 ,
125.379 ,
120.596 ,
115.785 ,
110.956 ,
106.116 ,
101.278 ,
96.451 ,
91.650 ,
86.887 ,
82.181 ,
77.550 ,
73.018 ,
68.612 ,
64.367 ,
60.322 ,
56.526 ,
53.040 ,
49.931 ,
47.277 ,
45.159 ,
43.657 ,
42.834 ,
42.726 ,
43.334 ,
44.623 ,
46.530 ,
48.975 ,
51.874 ,
55.146 ,
58.721 ,
62.535 ,
66.539 ,
70.691 ,
74.957 ,
79.309 ,
83.724 ,
88.183 ,
92.672 ,
97.178 ,
101.691 ,
106.200 ,
110.700 ,
115.183 ,
119.644 ,
124.078 ,
128.481 ,
132.849 ,
137.178 ,
141.465 ,
145.708 ,
149.902 ,
154.046 ,
158.137 ,
162.172 ,
166.149 ,
170.066 ,
